end_to_end_delay mean/stddev 1:
  mean: 0.210280991736
  stddev: 0.119399205968
pk_loss mean 1:
  mean: 1.0
  stddev: 1.0
end_to_end_delay mean/stddev 2:
  mean: 3.51798239298
  stddev: 4.56425233558
pk_loss mean 2:
  mean: 0.0881578947368
  stddev: 0.1
